profile 

0.000000 0.000000 
-0.003501 0.006874 
-0.006290 0.014095 
-0.008386 0.021641 
-0.009811 0.029491 
-0.010587 0.037625 
-0.010734 0.046020 
-0.010273 0.054655 
-0.009225 0.063510 
-0.007612 0.072564 
-0.005455 0.081794 
-0.002774 0.091181 
0.000410 0.100702 
0.004075 0.110337 
0.008200 0.120065 
0.012765 0.129864 
0.017747 0.139712 
0.023127 0.149590 
0.028883 0.159476 
0.034995 0.169348 
0.041440 0.179186 
0.048198 0.188968 
0.055247 0.198673 
0.062568 0.208280 
0.070139 0.217768 
0.077938 0.227115 
0.085945 0.236301 
0.094138 0.245304 
0.102497 0.254103 
0.111001 0.262678 
0.119628 0.271005 
0.128357 0.279066 
0.137168 0.286838 
0.146039 0.294300 
0.154951 0.301434 
0.163896 0.308236 
0.172872 0.314708 
0.181875 0.320856 
0.190903 0.326680 
0.199953 0.332184 
0.209022 0.337372 
0.218107 0.342247 
0.227205 0.346810 
0.236313 0.351066 
0.245428 0.355018 
0.254549 0.358668 
0.263670 0.362020 
0.272791 0.365077 
0.281908 0.367841 
0.291017 0.370315 
0.300117 0.372504 
0.309204 0.374409 
0.318275 0.376035 
0.327328 0.377383 
0.336359 0.378457 
0.345366 0.379260 
0.354346 0.379795 
0.363296 0.380065 
0.372213 0.380074 
0.381095 0.379823 
0.389937 0.379317 
0.398739 0.378558 
0.407495 0.377549 
0.416205 0.376294 
0.424864 0.374795 
0.433470 0.373055 
0.442021 0.371078 
0.450512 0.368867 
0.458943 0.366425 
0.467311 0.363758 
0.475613 0.360869 
0.483849 0.357765 
0.492017 0.354448 
0.500113 0.350925 
0.508137 0.347199 
0.516087 0.343275 
0.523960 0.339159 
0.531755 0.334854 
0.539470 0.330366 
0.547102 0.325698 
0.554650 0.320856 
0.562113 0.315845 
0.569487 0.310668 
0.576772 0.305332 
0.583965 0.299839 
0.591064 0.294196 
0.598068 0.288406 
0.604974 0.282475 
0.611780 0.276406 
0.618486 0.270206 
0.625088 0.263877 
0.631585 0.257426 
0.637974 0.250856 
0.644255 0.244173 
0.650425 0.237381 
0.656482 0.230484 
0.662424 0.223488 
0.668249 0.216397 
0.673956 0.209216 
0.679542 0.201948 
0.685006 0.194600 
0.690348 0.187175 
0.695571 0.179674 
0.700679 0.172100 
0.705674 0.164456 
0.710560 0.156743 
0.715339 0.148964 
0.720016 0.141121 
0.724593 0.133217 
0.729073 0.125254 
0.733459 0.117233 
0.737754 0.109158 
0.741963 0.101030 
0.746087 0.092853 
0.750129 0.084627 
0.754094 0.076356 
0.757984 0.068042 
0.761802 0.059687 
0.765552 0.051293 
0.769236 0.042862 
0.772858 0.034398 
0.776421 0.025901 
0.779927 0.017375 
0.783381 0.008822 
0.786785 0.000243 
0.790142 -0.008358 
0.793455 -0.016980 
0.796729 -0.025620 
0.799965 -0.034275 
0.803166 -0.042945 
0.806337 -0.051626 
0.809480 -0.060315 
0.812598 -0.069012 
0.815695 -0.077713 
0.818773 -0.086419 
0.821835 -0.095136 
0.824884 -0.103868 
0.827922 -0.112621 
0.830953 -0.121401 
0.833978 -0.130212 
0.837001 -0.139061 
0.840025 -0.147952 
0.843052 -0.156892 
0.846084 -0.165885 
0.849125 -0.174937 
0.852177 -0.184053 
0.855243 -0.193239 
0.858326 -0.202500 
0.861427 -0.211842 
0.864551 -0.221270 
0.867700 -0.230789 
0.870876 -0.240405 
0.874083 -0.250123 
0.877322 -0.259948 
0.880597 -0.269887 
0.883910 -0.279944 
0.887264 -0.290126 
0.890662 -0.300436 
0.894106 -0.310881 
0.897600 -0.321466 
0.901145 -0.332197 
0.904745 -0.343079 
0.908402 -0.354117 
0.912119 -0.365316 
0.915899 -0.376683 
0.919744 -0.388223 
0.923658 -0.399940 
0.927637 -0.411832 
0.931669 -0.423869 
0.935739 -0.436022 
0.939831 -0.448259 
0.943930 -0.460549 
0.948021 -0.472862 
0.952089 -0.485165 
0.956118 -0.497429 
0.960094 -0.509621 
0.964001 -0.521711 
0.967824 -0.533668 
0.971549 -0.545461 
0.975159 -0.557059 
0.978639 -0.568430 
0.981975 -0.579545 
0.985151 -0.590370 
0.988153 -0.600877 
0.990964 -0.611033 
0.993570 -0.620807 
0.995955 -0.630169 
0.998105 -0.639088 
1.000004 -0.647531 
1.001637 -0.655469 
1.002989 -0.662871 
1.004044 -0.669704 
1.004788 -0.675939 
1.005206 -0.681544 
1.005281 -0.686488 
1.005000 -0.690740 
1.004346 -0.694269 
1.003305 -0.697044 
1.001861 -0.699034 
1.000000 -0.700208 
1.000000 -0.700208 
0.997815 -0.700519 
0.995416 -0.699965 
0.992810 -0.698580 
0.990006 -0.696397 
0.987010 -0.693450 
0.983831 -0.689774 
0.980476 -0.685401 
0.976952 -0.680367 
0.973268 -0.674703 
0.969432 -0.668446 
0.965450 -0.661627 
0.961330 -0.654282 
0.957081 -0.646444 
0.952710 -0.638146 
0.948224 -0.629423 
0.943631 -0.620309 
0.938939 -0.610837 
0.934155 -0.601041 
0.929288 -0.590955 
0.924344 -0.580613 
0.919332 -0.570049 
0.914260 -0.559296 
0.909134 -0.548388 
0.903962 -0.537360 
0.898753 -0.526245 
0.893513 -0.515077 
0.888251 -0.503889 
0.882975 -0.492716 
0.877691 -0.481591 
0.872408 -0.470549 
0.867132 -0.459622 
0.861873 -0.448846 
0.856637 -0.438253 
0.851432 -0.427874 
0.846258 -0.417716 
0.841114 -0.407773 
0.835998 -0.398041 
0.830909 -0.388518 
0.825845 -0.379199 
0.820806 -0.370079 
0.815790 -0.361156 
0.810794 -0.352424 
0.805819 -0.343880 
0.800861 -0.335520 
0.795921 -0.327340 
0.790996 -0.319336 
0.786086 -0.311503 
0.781187 -0.303839 
0.776300 -0.296338 
0.771423 -0.288997 
0.766554 -0.281813 
0.761692 -0.274779 
0.756836 -0.267894 
0.751983 -0.261153 
0.747133 -0.254551 
0.742284 -0.248086 
0.737435 -0.241752 
0.732584 -0.235546 
0.727729 -0.229463 
0.722871 -0.223501 
0.718006 -0.217655 
0.713133 -0.211920 
0.708252 -0.206293 
0.703360 -0.200770 
0.698457 -0.195347 
0.693540 -0.190019 
0.688609 -0.184784 
0.683663 -0.179639 
0.678703 -0.174583 
0.673731 -0.169617 
0.668746 -0.164741 
0.663750 -0.159952 
0.658745 -0.155253 
0.653729 -0.150641 
0.648705 -0.146117 
0.643674 -0.141680 
0.638635 -0.137330 
0.633591 -0.133066 
0.628542 -0.128888 
0.623488 -0.124797 
0.618431 -0.120790 
0.613371 -0.116868 
0.608310 -0.113031 
0.603248 -0.109278 
0.598186 -0.105609 
0.593125 -0.102024 
0.588065 -0.098521 
0.583009 -0.095101 
0.577956 -0.091763 
0.572907 -0.088508 
0.567863 -0.085333 
0.562826 -0.082240 
0.557795 -0.079228 
0.552773 -0.076296 
0.547759 -0.073445 
0.542754 -0.070673 
0.537760 -0.067980 
0.532777 -0.065366 
0.527807 -0.062830 
0.522849 -0.060373 
0.517905 -0.057993 
0.512974 -0.055690 
0.508056 -0.053462 
0.503151 -0.051308 
0.498258 -0.049227 
0.493379 -0.047219 
0.488512 -0.045282 
0.483658 -0.043415 
0.478816 -0.041617 
0.473986 -0.039887 
0.469169 -0.038223 
0.464363 -0.036626 
0.459570 -0.035094 
0.454788 -0.033626 
0.450018 -0.032220 
0.445259 -0.030876 
0.440511 -0.029593 
0.435775 -0.028369 
0.431050 -0.027204 
0.426336 -0.026097 
0.421633 -0.025046 
0.416941 -0.024050 
0.412259 -0.023109 
0.407588 -0.022222 
0.402927 -0.021386 
0.398277 -0.020602 
0.393636 -0.019868 
0.389006 -0.019184 
0.384385 -0.018547 
0.379775 -0.017958 
0.375174 -0.017414 
0.370582 -0.016916 
0.366000 -0.016461 
0.361426 -0.016050 
0.356857 -0.015684 
0.352288 -0.015362 
0.347718 -0.015086 
0.343141 -0.014857 
0.338555 -0.014675 
0.333956 -0.014542 
0.329341 -0.014457 
0.324706 -0.014422 
0.320048 -0.014437 
0.315362 -0.014503 
0.310646 -0.014622 
0.305897 -0.014793 
0.301110 -0.015018 
0.296281 -0.015296 
0.291409 -0.015630 
0.286489 -0.016020 
0.281517 -0.016466 
0.276490 -0.016970 
0.271405 -0.017532 
0.266257 -0.018152 
0.261045 -0.018832 
0.255763 -0.019573 
0.250409 -0.020375 
0.244979 -0.021238 
0.239469 -0.022165 
0.233876 -0.023155 
0.228197 -0.024209 
0.222428 -0.025328 
0.216565 -0.026513 
0.210605 -0.027764 
0.204545 -0.029083 
0.198381 -0.030470 
0.192113 -0.031921 
0.185750 -0.033418 
0.179304 -0.034943 
0.172785 -0.036477 
0.166203 -0.038001 
0.159569 -0.039497 
0.152895 -0.040944 
0.146190 -0.042325 
0.139466 -0.043621 
0.132732 -0.044812 
0.126001 -0.045880 
0.119281 -0.046806 
0.112586 -0.047571 
0.105923 -0.048157 
0.099306 -0.048543 
0.092744 -0.048712 
0.086247 -0.048645 
0.079827 -0.048322 
0.073495 -0.047725 
0.067261 -0.046834 
0.061135 -0.045632 
0.055129 -0.044099 
0.049253 -0.042216 
0.043517 -0.039965 
0.037933 -0.037326 
0.032512 -0.034281 
0.027263 -0.030810 
0.022198 -0.026896 
0.017327 -0.022518 
0.012661 -0.017659 
0.008211 -0.012298 
0.003987 -0.006418 
0.000000 0.000000 

camb_up 

0.000000 0.400000 
0.006183 0.403537 
0.012354 0.407003 
0.018513 0.410398 
0.024660 0.413721 
0.030796 0.416974 
0.036920 0.420155 
0.043033 0.423264 
0.049134 0.426303 
0.055223 0.429270 
0.061300 0.432166 
0.067366 0.434990 
0.073420 0.437743 
0.079462 0.440425 
0.085493 0.443036 
0.091512 0.445576 
0.097519 0.448044 
0.103514 0.450441 
0.109498 0.452766 
0.115470 0.455021 
0.121431 0.457204 
0.127380 0.459316 
0.133317 0.461356 
0.139242 0.463326 
0.145156 0.465224 
0.151058 0.467050 
0.156948 0.468806 
0.162827 0.470490 
0.168694 0.472103 
0.174549 0.473645 
0.180393 0.475115 
0.186224 0.476514 
0.192045 0.477842 
0.197853 0.479099 
0.203650 0.480284 
0.209435 0.481398 
0.215208 0.482441 
0.220970 0.483412 
0.226720 0.484312 
0.232458 0.485141 
0.238185 0.485899 
0.243900 0.486585 
0.249603 0.487201 
0.255295 0.487744 
0.260975 0.488217 
0.266643 0.488618 
0.272299 0.488948 
0.277944 0.489207 
0.283577 0.489395 
0.289199 0.489511 
0.294808 0.489556 
0.300406 0.489530 
0.305993 0.489432 
0.311567 0.489263 
0.317130 0.489023 
0.322682 0.488712 
0.328221 0.488329 
0.333749 0.487875 
0.339265 0.487350 
0.344770 0.486753 
0.350263 0.486085 
0.355744 0.485346 
0.361213 0.484536 
0.366671 0.483655 
0.372117 0.482702 
0.377551 0.481678 
0.382974 0.480582 
0.388385 0.479416 
0.393784 0.478178 
0.399172 0.476868 
0.404547 0.475488 
0.409912 0.474036 
0.415264 0.472513 
0.420605 0.470919 
0.425934 0.469253 
0.431251 0.467516 
0.436557 0.465708 
0.441851 0.463829 
0.447134 0.461878 
0.452404 0.459856 
0.457663 0.457763 
0.462910 0.455599 
0.468146 0.453363 
0.473370 0.451056 
0.478582 0.448678 
0.483783 0.446228 
0.488971 0.443707 
0.494149 0.441115 
0.499314 0.438452 
0.504468 0.435717 
0.509610 0.432911 
0.514740 0.430034 
0.519859 0.427086 
0.524966 0.424066 
0.530061 0.420975 
0.535145 0.417813 
0.540217 0.414579 
0.545277 0.411274 
0.550325 0.407898 
0.555362 0.404451 
0.560387 0.400932 
0.565401 0.397342 
0.570402 0.393681 
0.575392 0.389949 
0.580371 0.386145 
0.585337 0.382270 
0.590292 0.378324 
0.595236 0.374306 
0.600167 0.370217 
0.605087 0.366057 
0.609995 0.361826 
0.614892 0.357523 
0.619777 0.353149 
0.624650 0.348704 
0.629511 0.344188 
0.634361 0.339600 
0.639199 0.334941 
0.644025 0.330211 
0.648840 0.325409 
0.653643 0.320537 
0.658434 0.315593 
0.663214 0.310577 
0.667982 0.305491 
0.672738 0.300333 
0.677483 0.295104 
0.682215 0.289803 
0.686937 0.284431 
0.691646 0.278988 
0.696344 0.273474 
0.701030 0.267889 
0.705704 0.262232 
0.710367 0.256504 
0.715018 0.250705 
0.719657 0.244834 
0.724285 0.238892 
0.728901 0.232879 
0.733505 0.226795 
0.738097 0.220639 
0.742678 0.214412 
0.747247 0.208114 
0.751805 0.201744 
0.756351 0.195303 
0.760885 0.188791 
0.765407 0.182208 
0.769918 0.175553 
0.774417 0.168828 
0.778904 0.162030 
0.783380 0.155162 
0.787844 0.148222 
0.792296 0.141211 
0.796736 0.134129 
0.801165 0.126976 
0.805582 0.119751 
0.809988 0.112455 
0.814382 0.105088 
0.818764 0.097649 
0.823134 0.090139 
0.827493 0.082558 
0.831840 0.074906 
0.836175 0.067182 
0.840499 0.059387 
0.844811 0.051521 
0.849111 0.043583 
0.853399 0.035575 
0.857676 0.027495 
0.861941 0.019343 
0.866195 0.011121 
0.870437 0.002827 
0.874667 -0.005538 
0.878885 -0.013975 
0.883092 -0.022482 
0.887287 -0.031061 
0.891470 -0.039711 
0.895642 -0.048433 
0.899802 -0.057226 
0.903950 -0.066090 
0.908086 -0.075025 
0.912211 -0.084032 
0.916324 -0.093109 
0.920426 -0.102258 
0.924516 -0.111479 
0.928594 -0.120770 
0.932660 -0.130133 
0.936715 -0.139568 
0.940758 -0.149073 
0.944789 -0.158650 
0.948809 -0.168298 
0.952817 -0.178017 
0.956813 -0.187808 
0.960798 -0.197669 
0.964770 -0.207602 
0.968732 -0.217607 
0.972681 -0.227682 
0.976619 -0.237829 
0.980545 -0.248048 
0.984459 -0.258337 
0.988362 -0.268698 
0.992253 -0.279130 
0.996132 -0.289633 
1.000000 -0.300208 

camb_down 

0.000000 -0.400000 
0.006183 -0.396463 
0.012354 -0.392997 
0.018513 -0.389602 
0.024660 -0.386279 
0.030796 -0.383026 
0.036920 -0.379845 
0.043033 -0.376736 
0.049134 -0.373697 
0.055223 -0.370730 
0.061300 -0.367834 
0.067366 -0.365010 
0.073420 -0.362257 
0.079462 -0.359575 
0.085493 -0.356964 
0.091512 -0.354424 
0.097519 -0.351956 
0.103514 -0.349559 
0.109498 -0.347234 
0.115470 -0.344979 
0.121431 -0.342796 
0.127380 -0.340684 
0.133317 -0.338644 
0.139242 -0.336674 
0.145156 -0.334776 
0.151058 -0.332950 
0.156948 -0.331194 
0.162827 -0.329510 
0.168694 -0.327897 
0.174549 -0.326355 
0.180393 -0.324885 
0.186224 -0.323486 
0.192045 -0.322158 
0.197853 -0.320901 
0.203650 -0.319716 
0.209435 -0.318602 
0.215208 -0.317559 
0.220970 -0.316588 
0.226720 -0.315688 
0.232458 -0.314859 
0.238185 -0.314101 
0.243900 -0.313415 
0.249603 -0.312799 
0.255295 -0.312256 
0.260975 -0.311783 
0.266643 -0.311382 
0.272299 -0.311052 
0.277944 -0.310793 
0.283577 -0.310605 
0.289199 -0.310489 
0.294808 -0.310444 
0.300406 -0.310470 
0.305993 -0.310568 
0.311567 -0.310737 
0.317130 -0.310977 
0.322682 -0.311288 
0.328221 -0.311671 
0.333749 -0.312125 
0.339265 -0.312650 
0.344770 -0.313247 
0.350263 -0.313915 
0.355744 -0.314654 
0.361213 -0.315464 
0.366671 -0.316345 
0.372117 -0.317298 
0.377551 -0.318322 
0.382974 -0.319418 
0.388385 -0.320584 
0.393784 -0.321822 
0.399172 -0.323132 
0.404547 -0.324512 
0.409912 -0.325964 
0.415264 -0.327487 
0.420605 -0.329081 
0.425934 -0.330747 
0.431251 -0.332484 
0.436557 -0.334292 
0.441851 -0.336171 
0.447134 -0.338122 
0.452404 -0.340144 
0.457663 -0.342237 
0.462910 -0.344401 
0.468146 -0.346637 
0.473370 -0.348944 
0.478582 -0.351322 
0.483783 -0.353772 
0.488971 -0.356293 
0.494149 -0.358885 
0.499314 -0.361548 
0.504468 -0.364283 
0.509610 -0.367089 
0.514740 -0.369966 
0.519859 -0.372914 
0.524966 -0.375934 
0.530061 -0.379025 
0.535145 -0.382187 
0.540217 -0.385421 
0.545277 -0.388726 
0.550325 -0.392102 
0.555362 -0.395549 
0.560387 -0.399068 
0.565401 -0.402658 
0.570402 -0.406319 
0.575392 -0.410051 
0.580371 -0.413855 
0.585337 -0.417730 
0.590292 -0.421676 
0.595236 -0.425694 
0.600167 -0.429783 
0.605087 -0.433943 
0.609995 -0.438174 
0.614892 -0.442477 
0.619777 -0.446851 
0.624650 -0.451296 
0.629511 -0.455812 
0.634361 -0.460400 
0.639199 -0.465059 
0.644025 -0.469789 
0.648840 -0.474591 
0.653643 -0.479463 
0.658434 -0.484407 
0.663214 -0.489423 
0.667982 -0.494509 
0.672738 -0.499667 
0.677483 -0.504896 
0.682215 -0.510197 
0.686937 -0.515569 
0.691646 -0.521012 
0.696344 -0.526526 
0.701030 -0.532111 
0.705704 -0.537768 
0.710367 -0.543496 
0.715018 -0.549295 
0.719657 -0.555166 
0.724285 -0.561108 
0.728901 -0.567121 
0.733505 -0.573205 
0.738097 -0.579361 
0.742678 -0.585588 
0.747247 -0.591886 
0.751805 -0.598256 
0.756351 -0.604697 
0.760885 -0.611209 
0.765407 -0.617792 
0.769918 -0.624447 
0.774417 -0.631172 
0.778904 -0.637970 
0.783380 -0.644838 
0.787844 -0.651778 
0.792296 -0.658789 
0.796736 -0.665871 
0.801165 -0.673024 
0.805582 -0.680249 
0.809988 -0.687545 
0.814382 -0.694912 
0.818764 -0.702351 
0.823134 -0.709861 
0.827493 -0.717442 
0.831840 -0.725094 
0.836175 -0.732818 
0.840499 -0.740613 
0.844811 -0.748479 
0.849111 -0.756417 
0.853399 -0.764425 
0.857676 -0.772505 
0.861941 -0.780657 
0.866195 -0.788879 
0.870437 -0.797173 
0.874667 -0.805538 
0.878885 -0.813975 
0.883092 -0.822482 
0.887287 -0.831061 
0.891470 -0.839711 
0.895642 -0.848433 
0.899802 -0.857226 
0.903950 -0.866090 
0.908086 -0.875025 
0.912211 -0.884032 
0.916324 -0.893109 
0.920426 -0.902258 
0.924516 -0.911479 
0.928594 -0.920770 
0.932660 -0.930133 
0.936715 -0.939568 
0.940758 -0.949073 
0.944789 -0.958650 
0.948809 -0.968298 
0.952817 -0.978017 
0.956813 -0.987808 
0.960798 -0.997669 
0.964770 -1.007602 
0.968732 -1.017607 
0.972681 -1.027682 
0.976619 -1.037829 
0.980545 -1.048048 
0.984459 -1.058337 
0.988362 -1.068698 
0.992253 -1.079130 
0.996132 -1.089633 
1.000000 -1.100208 
