0.00000000000000	1.00000000000000
0.01591529123810	1.00001266488095
0.03166871863095	1.00005014547619
0.04722734340476	1.00011152166667
0.06256195342857	1.00019570178571
0.07764600976190	1.00030144964286
0.09245485088095	1.00042740404762
0.10696506317857	1.00057209261905
0.12115395238095	1.00073394095238
0.13499908023810	1.00091127904762
0.14847782904762	1.00110234404762
0.16156697404762	1.00130527952381
0.17424222952381	1.00151813297619
0.18647775166667	1.00173884880952
0.19824555428571	1.00196525809524
0.20951479702381	1.00219506345238
0.22025086607143	1.00242581642857
0.23041414428571	1.00265488630952
0.23995826988095	1.00287941309524
0.24882753488095	1.00309623642857
0.25695273238095	1.00330178047619
0.26424392869048	1.00349185238095
0.27057629130952	1.00366124666667
0.27575664523810	1.00380280940476
0.27941162488095	1.00390430500000
0.28120501964286	1.00395459511905
0.28481594345238	1.00405682892857
0.29002055178571	1.00420648071429
0.29643624571429	1.00439468809524
0.30388306119048	1.00461831214286
0.31225202797619	1.00487625535714
0.32146947392857	1.00516846678571
0.33148239095238	1.00549553880952
0.34225112988095	1.00585850785714
0.35374527928571	1.00625874476190
0.36594114452381	1.00669788916667
0.37882010345238	1.00717780964286
0.39236749071429	1.00770057738095
0.40657180571429	1.00826845000000
0.42142413988095	1.00888386142857
0.43691774857143	1.00954941547619
0.45304772523810	1.01026788357143
0.46981075047619	1.01104220357143
0.48720489785714	1.01187548202381
0.50522947630952	1.01277099607143
0.52388490500000	1.01373219833333
0.54317261547619	1.01476272142857
0.56309496714286	1.01586638416667
0.58365518464286	1.01704719904762
0.60485730095238	1.01830937940476
0.68068179142857	1.02319328142857
0.74723068392857	1.02795676380952
0.80761796880952	1.03266569154762
0.86345890880952	1.03734780726190
0.91570780642857	1.04201429940476
0.96497559214286	1.04666778880952
1.01167427595238	1.05130585654762
1.05609103845238	1.05592278190476
1.09842959285714	1.06051045428571
1.13883473833333	1.06505886083333
1.17740757095238	1.06955633357143
1.21421513452381	1.07398964297619
1.24929657857143	1.07834398607143
1.28266690476190	1.08260288119048
1.31431893571429	1.08674797369048
1.34422373690476	1.09075873011905
1.37232952500000	1.09461198773810
1.39855871785714	1.09828128488095
1.42280227142857	1.10173582416667
1.44490971547619	1.10493881202381
1.46467059285714	1.10784451928571
1.48177716190476	1.11039250297619
1.49573526190476	1.11249394309524
1.50556451190476	1.11398586380952
1.51038189166667	1.11472071511905
1.52007087619048	1.11620596476190
1.53401169642857	1.11836004928571
1.55115849285714	1.12103713285714
1.57101137142857	1.12417480559524
1.59326300595238	1.12774022857143
1.61770290238095	1.13171558380952
1.64417821309524	1.13609215357143
1.67257419285714	1.14086740285714
1.70280317738095	1.14604336619048
1.73479785952381	1.15162569821429
1.76850690357143	1.15762308511905
1.80389196547619	1.16404688000000
1.84092560595238	1.17091088083333
1.87958976547619	1.17823120226190
1.91987465714286	1.18602622273810
1.96177794047619	1.19431658095238
2.00530410238095	1.20312522023810
2.05046400833333	1.21247746547619
2.09727456428571	1.22240114285714
2.14575850238095	1.23292672023810
2.19594422261905	1.24408748690476
2.24786575000000	1.25591976785714
2.30156271309524	1.26846317023810
2.35708041785714	1.28176086428571
2.55744911428571	1.33255700714286
2.73610152380952	1.38159324761905
2.90106649523810	1.43005678214286
3.05646224166667	1.47854850476190
3.17885669285714	1.51865708571429
3.33410490000000	1.57009842619048
3.49062720000000	1.62077139047619
3.64842699404762	1.67065252023810
3.80753836428571	1.71972940833333
3.96796007619048	1.76797972738095
4.12969905714286	1.81538503690476
4.29277747023809	1.86193233690476
4.45718750714286	1.90760097142857
4.62295661785714	1.95238105714286
4.79007419761905	1.99625305833333
4.95855724523809	2.03920564761905
5.12840262738095	2.08122294523810
5.29961500714286	2.12229184642857
5.47219778214286	2.16239951904762
5.64614712976190	2.20153209404762
5.82147584880952	2.23967999523810
5.99818145000000	2.27683064880952
6.17627570595238	2.31297491547619
6.35571603690476	2.34809332619048
6.53655850357143	2.38218629880952
6.71876417976190	2.41523609285714
6.90233272976190	2.44723309523809
7.08727764880952	2.47817019404762
7.27359569047619	2.50803757380952
7.46128879880952	2.53682655238095
7.65033297738095	2.56452492857143
7.84071397500000	2.59112257976190
8.03247793690476	2.61661782738095
8.22561469166667	2.64100118571429
8.41942304642857	2.66419011190476
8.61564467619048	2.68638022857143
8.81250810357143	2.70734567619048
9.01112047500000	2.72721770952381
9.21093547142857	2.74591453571429
9.41197559404762	2.76344992380952
9.61464295357143	2.77983646666667
9.81816214761905	2.79501816904762
10.02358786428570	2.80905686309524
10.22963481428570	2.82186679880952
10.43773528690480	2.83352447976190
10.64634945238100	2.84394286785714
10.85705275238100	2.85319044166667
11.06826222857140	2.86119595595238
11.19047619047620	2.86509988564954