   0.0000000e+00   1.0000000e+00   0.0000000e+00
   3.2081500e-02   1.0005147e+00   0.0000000e+00
   6.3523800e-02   1.0020197e+00   0.0000000e+00
   9.4228852e-02   1.0044494e+00   0.0000000e+00
   1.2412857e-01   1.0077339e+00   0.0000000e+00
   1.5317678e-01   1.0118012e+00   0.0000000e+00
   1.8134397e-01   1.0165803e+00   0.0000000e+00
   2.0861343e-01   1.0220018e+00   0.0000000e+00
   2.3497846e-01   1.0279994e+00   0.0000000e+00
   2.6044010e-01   1.0345100e+00   0.0000000e+00
   2.8500519e-01   1.0414740e+00   0.0000000e+00
   3.0868478e-01   1.0488356e+00   0.0000000e+00
   3.3149261e-01   1.0565422e+00   0.0000000e+00
   3.5344377e-01   1.0645442e+00   0.0000000e+00
   3.7455338e-01   1.0727946e+00   0.0000000e+00
   3.9483532e-01   1.0812481e+00   0.0000000e+00
   4.1430096e-01   1.0898601e+00   0.0000000e+00
   4.3295780e-01   1.0985858e+00   0.0000000e+00
   4.5080812e-01   1.1073791e+00   0.0000000e+00
   4.6784744e-01   1.1161908e+00   0.0000000e+00
   4.8406271e-01   1.1249667e+00   0.0000000e+00
   4.9943028e-01   1.1336459e+00   0.0000000e+00
   5.1391317e-01   1.1421578e+00   0.0000000e+00
   5.2745751e-01   1.1504186e+00   0.0000000e+00
   5.3998724e-01   1.1583268e+00   0.0000000e+00
   5.5139573e-01   1.1657562e+00   0.0000000e+00
   5.6153082e-01   1.1725442e+00   0.0000000e+00
   5.7016419e-01   1.1784692e+00   0.0000000e+00
   5.7691353e-01   1.1831948e+00   0.0000000e+00
   5.8102459e-01   1.1861140e+00   0.0000000e+00
   5.8454253e-01   1.1886369e+00   0.0000000e+00
   5.9125661e-01   1.1935165e+00   0.0000000e+00
   5.9893630e-01   1.1988028e+00   0.0000000e+00
   9.2595992e-01   1.4398305e+00   0.0000000e+00
   1.2633077e+00   1.6772981e+00   0.0000000e+00
   1.6135318e+00   1.9093612e+00   0.0000000e+00
   1.9798666e+00   2.1360043e+00   0.0000000e+00
   2.3625150e+00   2.3561615e+00   0.0000000e+00
   2.7605716e+00   2.5687531e+00   0.0000000e+00
   3.1748448e+00   2.7739285e+00   0.0000000e+00
   3.6052678e+00   2.9714337e+00   0.0000000e+00
   4.0515439e+00   3.1609827e+00   0.0000000e+00
   4.5133275e+00   3.3423292e+00   0.0000000e+00
   4.9902491e+00   3.5152608e+00   0.0000000e+00
   5.4810473e+00   3.6793161e+00   0.0000000e+00
   5.9862852e+00   3.8346861e+00   0.0000000e+00
   6.5056236e+00   3.9812322e+00   0.0000000e+00
   7.0387290e+00   4.1188316e+00   0.0000000e+00
   7.5852814e+00   4.2473770e+00   0.0000000e+00
   8.1449751e+00   4.3667734e+00   0.0000000e+00
   8.7175195e+00   4.4769372e+00   0.0000000e+00
   9.3026383e+00   4.5777936e+00   0.0000000e+00
   9.9000692e+00   4.6692758e+00   0.0000000e+00
   1.0509564e+01   4.7513232e+00   0.0000000e+00
   1.1130890e+01   4.8238812e+00   0.0000000e+00
   1.1763835e+01   4.8869002e+00   0.0000000e+00
   1.2408227e+01   4.9403349e+00   0.0000000e+00
   1.3063958e+01   4.9841432e+00   0.0000000e+00
   1.3730436e+01   5.0182559e+00   0.0000000e+00
   1.4407383e+01   5.0426513e+00   0.0000000e+00
   1.5094906e+01   5.0573016e+00   0.0000000e+00
   1.5793123e+01   5.0622060e+00   0.0000000e+00
